function [ prova ] = LDL(x)
A = [5,1,2; 1,6,2; 2,2,5]
L = [1 0 0; 1/5 1 0; 2/5 8/29 1]
D = [5 0 0; 0 29/5 0; 0 0 109/29]


end

